137
543 83
27483 42390 31796 74405 53273 76598 78396 86194 96765 86106 25787 94869 61871 13407 65598 28654 64333 41991 86666 88955 89146 14231 44063 64296 49790 38908 71044 7484 6504 11025 39501 73725 15994 71366 97167 41289 20723 78849 67358 67616 79101 62895 29010 38055 49937 22633 10780 85452 29869 15418 50603 19175 32046 98912 76558 26245 14341 18836 43535 89347 14828 36876 96285 91282 10591 96475 22171 31587 12827 55125 68320 92396 74965 39656 80056 81715 4261 18193 95076 55936 69160 92690 1263 
795 195
71501 65336 74924 88554 58891 57108 62384 2670 79700 9484 61691 11966 84819 17562 28182 73411 63482 56815 84632 51167 80062 79994 6387 76749 88735 39358 95890 88302 50215 64091 67316 86166 41672 79276 12781 92422 92089 8276 15189 63119 59691 7945 71213 42465 10111 69222 70659 58439 21837 72574 95542 47909 49096 65765 88090 31217 79231 81533 30247 95367 13550 88279 32423 29049 66551 42937 10839 48052 66726 61740 98417 27064 8841 94193 20372 48561 83738 81177 68202 34412 63164 65032 28508 73085 61775 97065 2029 71194 77682 2787 49762 21511 58803 48146 36611 97354 37088 1963 44270 75056 23504 65033 283 53951 59674 86942 26201 40279 69551 46409 22502 74041 61778 65545 6093 97678 72320 68579 14436 10573 33996 90233 64342 46629 99518 61202 62444 65329 10677 72723 91086 90660 18734 2100 65160 92727 28031 15221 42324 80773 89158 33985 42750 74826 8423 20742 21576 21762 22216 3618 18894 22050 4507 99635 94311 84741 2655 41560 22550 18620 40161 74577 62079 97606 24281 9511 38951 8011 58373 33885 22063 69012 88060 95032 40046 12724 91971 53903 18421 97923 86958 74304 33071 96078 43366 81599 75617 63187 25847 24125 58007 20953 77523 80286 14264 
646 122
60058 20711 67007 641 22316 74908 39019 50589 92735 24792 66709 45670 59708 7394 82592 12890 98002 60855 81286 1407 10096 28049 27609 80272 32719 76264 12628 13035 97848 75417 34625 91218 76420 40463 66155 11317 61743 38364 36826 58365 92687 57851 17100 28954 98695 35458 86409 33319 29372 44340 31511 37628 83452 81198 27919 57552 71288 42180 70039 37325 20877 28553 13724 78505 66047 49584 57846 51365 46000 92508 88614 32558 65437 38525 82024 61684 28902 6574 36116 14722 24054 97071 15466 38264 48646 54753 51010 68158 24306 89003 24966 36671 84753 12299 57857 63609 74248 98209 2096 97532 80610 65095 95276 23373 80683 49130 54641 16323 59364 59750 78318 65688 32649 8515 10211 83064 18272 84156 97693 69873 36642 72951 
798 193
99636 95408 65036 19019 91123 76287 40411 34933 22455 10063 98943 59333 42988 80751 6076 50717 95876 57900 81187 18116 11997 8629 9467 40336 18581 21938 46776 48634 95470 19398 96244 2477 55794 94967 79226 88873 74457 24967 11457 12095 94336 99169 17236 12705 41873 66313 6077 98805 11831 59064 19654 31595 58109 88801 90773 10764 66580 39323 67722 14761 47789 89395 85800 96131 45683 21229 81528 99529 28020 29189 47590 76376 48598 88712 38611 97026 84118 61109 87787 20770 92008 35537 78827 24014 9483 38599 92894 68033 69192 3312 57844 37524 43952 45845 60370 93392 43219 89090 63885 57402 5724 96829 33982 341 30830 80551 23173 21701 9423 68145 1599 28505 16096 36835 26786 78878 65479 15903 42940 83628 10218 97122 66178 85559 7035 42295 82170 79464 82597 71457 20466 10044 34159 37412 40857 11453 33594 6000 45230 75229 76666 42167 776 98653 2207 19852 9091 30895 38803 50440 15769 53670 82166 1883 28558 2491 55435 58428 37581 83979 99707 98229 23419 89817 22802 96719 46815 8630 96506 24192 32303 54132 63840 92241 73220 72460 40901 96454 87908 14144 5597 90882 75992 69588 1890 38200 40197 91485 21101 20806 97634 27892 17110 
709 125
25835 27030 97625 80261 19849 4988 10325 88170 56549 69324 58402 31415 65955 47752 28900 56003 89828 97878 495 98293 32733 60454 51618 12531 48803 56741 26673 71128 62717 93290 83998 31007 93791 55907 93988 34198 93146 5950 55889 19981 59857 45387 18379 98750 59359 94477 30994 63641 61257 86494 12477 31746 36166 45203 61425 58721 76758 47849 47142 79475 76168 60921 67355 55440 65074 17247 64866 78253 30670 12693 56795 51752 96047 9616 74916 89501 6750 83569 3943 98556 13964 13376 42895 73611 12194 66457 24331 6741 60125 77275 56861 3576 47332 93373 17264 34970 49097 11634 34770 82000 77236 7213 76595 71612 58966 7330 24381 64918 42507 6209 68558 41668 43362 57612 42866 77500 57032 71571 11549 70475 9074 504 29263 73945 86587 
600 192
93375 35347 5569 98323 67832 1859 60758 20198 14304 86357 6730 43172 1063 19927 14297 23843 3081 11430 98077 5688 52736 31590 6069 50817 40626 24411 71153 678 78011 16622 69584 12463 45298 6595 95458 5385 3992 77361 45984 76474 25005 3500 94275 53981 8548 31381 7734 55130 23826 56592 94991 96224 17744 42288 33849 88017 28962 23293 94956 14977 97384 52580 2300 12297 66916 86818 79930 66142 52610 22139 10821 18314 88144 14349 80770 31255 21468 94750 42341 37767 97355 3497 17487 3153 19956 92199 29478 73703 24072 11126 26377 47339 19130 9684 72014 75575 37866 99093 65172 20720 30420 79500 55327 32766 26391 55451 7156 93303 28150 9424 45797 86995 8438 32298 68414 99890 37101 88140 29074 81474 69920 20292 58609 55284 75559 58015 81743 70785 4390 93226 13406 58454 43 42230 47771 3258 43607 66753 48550 10708 76707 60090 55214 61167 28768 94069 60035 1084 46104 25395 41395 69913 63141 58897 18150 66451 70142 16342 76244 8134 66218 45009 21402 4717 14148 15702 59991 52691 80604 80192 94356 13364 24995 90564 16954 20088 76716 70771 76178 76760 3535 92651 3853 64368 21464 5459 50324 8099 94287 1680 31944 35294 
491 187
73877 31676 10021 87866 45573 73388 58208 28373 17670 95707 5477 78195 60115 1486 67096 34459 25964 75844 64742 40986 28158 63771 80378 47294 81702 70550 93252 4517 96995 9973 6302 51818 14524 53332 37416 69664 86552 92337 87879 78393 6393 25581 16952 69842 6424 58006 4916 88013 88468 51280 23233 32086 37566 19418 78855 26770 10727 24229 80392 70214 90181 90433 95776 72405 72041 53803 68467 87049 382 73111 97976 39783 98883 52510 94944 26600 67739 67394 48942 43958 856 93795 42573 52489 72466 15783 559 53679 7826 98397 27957 81518 58296 19229 39084 83900 3636 79921 50942 54656 40123 90668 90686 91269 81519 99290 49995 20509 18616 72592 48155 79984 637 56751 39707 21572 73491 41230 80842 1709 5115 58650 9637 30302 57420 72740 27687 43336 82888 54268 81824 27063 76613 78768 17937 24299 98169 78180 31902 86541 3680 83831 27047 5380 41499 914 25143 93648 11543 23577 83664 97980 59491 57717 69472 48094 4821 45963 46832 14135 2582 77802 29572 11717 28964 32137 21433 6148 70688 67561 14558 93314 5309 69199 73403 63155 25460 12335 65801 83007 19564 11648 55985 98723 53646 36060 81439 
597 188
6887 22373 86330 77254 17965 56977 66401 68501 4330 3157 78840 66970 50573 39943 13317 62578 88906 36811 16054 57907 6145 29447 55601 420 88043 71375 60602 82372 16445 86360 8248 89312 59027 44512 31233 65410 55301 67827 74941 44031 54924 8655 10745 70830 48062 42754 65949 97261 7262 56991 57031 76693 47559 99596 30679 22669 9903 93418 3000 71762 42106 87764 51354 61335 41180 9302 65711 73994 74882 87211 17725 62991 84088 44877 1375 33326 3053 41167 79010 58035 18248 41045 92278 83104 33275 54950 91475 45228 75314 86386 76266 55507 2665 21751 26818 11003 30332 10676 87062 7494 91067 28523 19543 59951 32536 20086 60486 47271 99801 37152 42936 3085 46724 16585 40800 38526 6447 62861 11319 1578 69440 84282 33623 77741 48298 95586 11999 68237 6453 83034 64889 87012 68490 43035 21803 61103 68471 97863 16019 32552 56456 88458 97070 72844 94890 24208 48228 13957 96625 56729 45736 2210 61715 11568 19252 22566 2174 23914 34756 54651 54833 26946 4688 20891 19770 84497 65580 29247 7162 57063 20158 51900 14746 77019 64555 92614 48804 3340 31776 16575 42685 30122 74971 68797 86482 25313 21753 2264 
241 185
82496 22941 72093 3902 77945 42981 9809 32777 60886 10918 96750 79135 29335 4621 83740 83202 31867 66120 683 4480 32632 83956 35942 89836 72794 74719 29651 64217 93785 50079 86853 65211 35317 22172 36951 92527 82379 86505 51537 21240 91814 91111 60911 82989 71215 32443 71009 85177 32347 59714 75837 57499 88316 49632 98438 98140 38429 33612 16136 27150 79946 47675 37122 99053 91830 25483 93707 80296 88641 9421 11076 22072 47178 68675 49216 39584 89239 14429 15886 76196 99989 88305 62022 23459 46779 26631 65812 6948 20137 65535 74413 76735 78340 36742 94723 14032 66498 42150 85458 65304 87911 24098 70858 27138 85303 93142 75207 72654 35007 74345 99165 50378 87696 78811 28431 57381 92043 34077 29576 25648 1487 83226 35200 67047 5369 74017 37852 87408 11578 48992 94053 78943 87726 41355 18404 52797 94136 73358 83486 20036 21329 82591 62250 16654 59450 15421 98703 36070 19402 60356 96362 24210 84560 60314 54711 92870 53761 58017 67182 62639 7281 12287 72904 45046 86660 69811 99345 77070 51092 85441 64231 16551 25524 73121 49467 8756 25805 87760 64941 45914 26467 76815 75691 86343 80663 
736 183
10631 68656 67023 54886 40551 76443 23309 80211 95113 78066 51181 67029 73519 14212 20704 97674 25772 29017 52557 10086 57340 66539 8738 22601 78629 69828 74085 35444 90499 59111 52664 99995 49604 57663 96527 93620 34106 49866 59907 91762 695 33431 36923 35493 7041 45206 89860 77253 87251 12950 21452 40798 57224 13678 17420 7979 14543 73384 254 16930 16431 1533 27046 46443 87405 3102 22608 19098 72655 16769 73961 48331 24408 46343 3194 69078 47351 64690 90148 9267 25742 69691 80750 76132 60246 93173 51160 85657 46354 14244 22700 83321 75191 40717 1566 47441 56941 50349 58147 43919 40097 84597 18432 14780 41826 35390 49201 76805 59118 59514 83444 87237 82300 20936 19904 21223 91018 79114 59103 22284 29993 86518 14439 52032 84489 98083 1412 66473 66130 67324 20469 98381 72688 53573 59340 53980 12383 96629 93851 91528 74574 48023 9222 38575 50990 98202 24255 70710 10891 39760 44862 67510 57796 10110 42081 88956 17850 45760 64037 67950 20992 64185 88593 15607 50251 77261 19324 56766 23691 7136 95557 49492 64612 63742 13920 46438 51189 80235 50388 61143 9670 79935 21549 
626 178
75777 19269 3116 11406 40220 34880 68611 34854 27095 60180 58143 23171 11336 84951 68996 83803 63137 64329 78693 18556 12266 57526 47540 67923 8459 69999 90666 13576 28421 63995 22036 17921 28011 89843 5708 66820 73624 46222 54581 93102 22326 7928 68897 89308 32170 27509 56119 20239 68832 72946 65851 28228 9617 35580 79178 58171 67574 35680 31852 98014 47436 26708 24317 94767 78080 79883 11219 75495 62472 85134 21672 58087 84731 34010 98564 53076 86946 82555 58994 79393 10958 95717 75193 90041 49601 13884 86428 29395 44553 59251 8147 71204 8847 49126 48691 58502 48782 54541 72246 73885 5728 17849 39666 2072 63691 18903 24163 36942 7554 10398 9681 86710 56487 30719 91577 79693 11949 31196 43757 39143 63566 92233 83391 74409 11491 33174 52666 81659 28292 36208 47183 42137 19975 70418 7412 46284 49425 62659 4653 52083 10367 21732 64699 42985 42773 28368 38155 15273 86259 2599 61031 97589 84974 43553 3321 94454 59176 92524 46958 82771 37027 36983 39736 4748 31133 78928 52048 53625 57359 92630 87324 39485 19710 37105 28052 13462 32075 78323 
594 181
77811 24856 95675 8910 1968 13423 94120 99743 52301 1667 25255 54035 18435 68634 94007 21682 94633 17932 6181 58851 72829 18504 11379 61321 63867 60881 47755 65898 82351 84312 67930 92275 28198 29339 96113 28216 90023 50310 1116 35999 20268 23797 21533 20404 45335 33848 59042 81581 12199 97000 1932 66330 59966 37433 61977 90045 61469 95792 14783 3123 13144 37303 97028 56314 32342 99738 30108 12923 29197 30973 76545 42607 27713 45910 82212 91735 92244 8702 47132 12326 5887 72382 25427 77113 34525 99765 93098 97668 22546 24110 60819 30370 17564 20269 55712 77762 87421 92386 24457 86513 72893 52188 79587 22653 94022 23921 33437 69038 59595 22294 2793 67752 98941 80022 19944 9032 16578 11482 61864 38400 25491 5438 81293 40558 96855 67346 24262 80476 76102 9011 35158 57863 34439 36465 16882 76390 19119 99914 23560 65179 43114 98246 82340 28204 5067 82490 21981 1475 21409 717 19848 96655 26764 63283 78925 9601 3133 72299 56629 15688 64700 93917 66669 7662 93177 80930 32444 71357 28584 472 38636 3548 46919 15993 3987 15389 66277 91459 6633 33243 11273 
178 171
15516 85431 3695 60432 54730 6246 81449 75469 16418 24801 5376 75322 50110 76333 90904 72608 17798 91466 46060 14674 13498 82255 54094 45945 88817 1782 84814 46635 47690 65637 564 15005 51705 72941 77613 38272 19305 57894 39381 13977 21200 38506 19801 50084 94795 16187 9407 69856 92044 33218 65559 32226 44707 10885 90224 49959 5873 16690 10281 21286 6321 29241 47017 29363 75571 78446 13148 34086 66376 64051 94936 23446 68706 27140 2974 11952 22109 7247 88198 37215 78071 8056 90186 429 9317 39495 20422 92100 50043 98402 82819 57109 59663 78085 69908 21115 48529 67097 24273 30134 9646 37001 68029 91473 57399 50505 15525 53082 54485 12746 60351 82385 59707 76394 89475 52437 91931 4538 72171 62732 18549 9080 20267 23500 53108 35808 69967 85460 23026 63897 80389 61010 63753 64344 83934 41300 55227 29998 22584 43409 64352 55825 24498 18578 7744 76731 94177 8610 11741 63173 40543 56490 33013 11903 95969 3106 67975 45337 1333 46529 46293 44132 91045 75165 25398 39454 11195 44085 58715 31703 54081 
808 176
58772 98272 73050 29599 5996 37784 75075 88843 2788 92696 38866 34708 27717 12599 46424 43803 38380 23907 93222 9443 87323 67500 96874 77427 99417 89439 97903 20564 80118 18003 69082 69371 50376 49561 77845 98849 34160 96481 53786 38830 39321 61785 46357 10383 64947 99447 36925 13503 11841 78606 66995 81179 8037 55216 87880 17073 14255 42730 55415 54376 60236 79687 34471 1988 96621 15941 84857 62882 56447 14622 47845 87007 74018 94531 51163 50930 23551 25980 12561 3329 84169 89206 89714 42656 4581 58000 71031 34824 57924 87591 56370 1201 21392 68865 94224 15604 62519 65391 60004 81332 69442 7660 39532 33355 38808 93153 63014 28556 49528 64145 7508 73522 58241 196 46391 41000 74827 19909 69990 48725 24576 51698 34049 46704 7773 47118 43699 42926 16988 69398 18885 51220 95533 79960 86712 94369 30307 24228 44970 70991 12276 47119 64604 44655 84984 67171 89492 502 88737 60749 53771 44648 47380 46571 97642 779 30579 69441 29095 19895 26647 36318 14830 23661 10337 17585 131 3655 3782 16282 71343 96191 61508 32174 36275 6165 
4 172
14716 80830 81122 51836 50258 87330 38590 10566 10378 66572 77231 93704 99850 22452 47642 20618 25789 12769 45667 63122 23155 2463 64104 47828 62125 6885 31696 798 9276 22464 35998 46852 10649 54536 11444 57020 70126 31583 25886 28646 13459 97178 23637 54036 88317 18401 59690 99684 74155 99188 40849 81065 35017 53009 83249 40721 94789 78140 20872 44206 42857 13949 14317 21127 34571 10722 28776 82428 69785 49423 60389 78370 79514 19523 75278 45270 4502 6229 60691 36513 76326 60243 90964 26777 89579 72571 23982 98807 79448 46124 29237 33439 83815 72166 63942 22547 63354 35357 12738 74548 42828 53674 91180 63539 64364 2537 99766 67907 17525 59459 60967 7824 57862 15220 37790 82523 8254 52775 92762 8822 39300 67829 71074 32918 57641 95670 17981 50355 31966 99251 67576 51254 76762 84368 32193 96005 65420 90954 98057 3510 10133 52890 500 81835 61781 61491 60952 18929 86652 42005 9214 34882 65444 55115 18817 70629 20595 87841 57089 8963 8058 48250 67940 75201 55431 10270 15042 43972 16924 31792 47285 39608 
125 173
24274 82267 99351 3270 23556 1651 81000 33164 46326 28564 60788 19105 59263 76183 73405 9305 77474 61714 57024 60799 6219 92888 28263 3757 1925 75385 92141 12931 4965 68574 25431 52507 69374 14817 23575 76155 16186 38232 86896 42747 40083 39828 27026 72711 62017 25385 31280 3007 46965 4013 93059 56605 97733 91126 3641 32389 77713 37647 37223 44497 94835 11988 37185 26138 58626 10707 90869 97325 11611 81955 11069 96670 95910 8598 47286 65465 36940 10785 91483 8367 29215 93941 8945 26362 4310 14142 87648 86044 2214 85629 46233 88575 26403 37490 48209 35883 85841 54 34658 31297 94572 66474 98232 78227 29553 28642 85165 31391 78660 19871 25476 21070 371 35160 64070 33151 14610 61901 72138 72609 27168 25044 73585 32652 74114 14427 63282 59835 76475 24234 26416 19632 9248 17373 39449 46135 71948 51376 423 77622 86540 6339 80885 28966 46305 427 64281 56219 89184 19635 8883 5806 27716 58901 46871 65306 84180 54706 89543 45172 27452 53757 50661 83591 29776 24802 48120 74919 77579 32329 46711 49269 17681 
854 170
15774 12840 75955 19335 24138 59957 87878 82885 91537 54347 63154 51815 41674 26978 9846 52942 27043 45039 90326 19100 51465 98778 80789 31114 51029 62180 62455 26942 63441 10766 40475 50274 96949 17771 94542 41967 61410 57945 24787 12532 31177 13405 51139 15871 76481 45463 31343 94853 2637 95708 58080 31213 34997 95698 49710 185 82456 71277 40441 12213 6510 65222 62851 19899 61567 51309 96816 90222 80314 89653 15600 13846 8241 75116 79090 72286 65216 67009 13780 31996 69043 26593 5553 45082 24822 726 57143 90853 18259 70633 29433 19727 94138 96179 64589 20141 93157 97243 87835 75552 66036 93214 82798 85526 9044 90697 60287 32721 45782 32026 75991 90741 4278 12706 59451 38923 1670 8819 8483 93046 89801 29530 67149 47697 92904 87541 60345 43766 4143 10263 8888 19274 59318 64494 92173 21316 88946 96274 57464 3401 54054 14397 94303 19024 74175 75696 50623 39873 99501 62015 33500 47318 88825 47930 75008 82777 14395 66337 52520 6295 57094 15195 27348 32739 16415 20907 17152 23873 50444 85338 
270 162
86761 21589 82414 81682 70955 97077 87259 38702 94985 73950 88508 38132 6556 68461 33983 57718 68598 47881 52249 29239 69396 42197 53921 82260 2450 33564 95589 29984 20035 84154 71376 1112 18925 6590 14534 35430 75256 24020 23378 76950 60531 5577 51005 91599 82629 44847 67377 43541 62173 72693 18182 14917 78238 24407 20583 87027 5414 93250 97130 79415 17385 67780 50135 54773 6720 88576 15567 91753 70680 35469 45962 65667 81904 94115 98082 89894 17930 59795 979 74174 61249 49597 66690 82347 78547 25778 4247 43867 22725 71069 52014 10915 70139 98944 98908 61362 73977 21780 27055 74802 13143 41642 85103 33360 70789 17993 99377 75873 72631 42472 91967 64625 43275 95625 51988 73470 42556 35637 6677 55460 58605 68016 94824 71528 69666 54860 54307 96275 68063 40195 69599 72302 26220 55255 34004 8164 14577 76838 73237 10394 59092 71939 24679 45338 58596 90714 89065 70009 25269 80698 41696 40946 90205 40743 33049 57861 28643 1179 52390 1694 29654 14335 
971 167
60467 45258 55807 49334 60544 61274 75951 68593 64923 72836 43439 3162 35026 95840 81401 58542 13597 18305 88176 81909 61024 80499 4283 73288 17037 56120 231 69140 62894 50595 48923 78668 13394 78723 19047 82332 81771 15570 74536 97542 95652 20776 89482 58890 8083 48455 98746 16634 6037 30251 25641 18584 23723 20955 46862 45957 9017 20451 68743 24660 32274 10556 26737 76555 32815 42721 49402 31061 76819 54430 16284 20214 1442 88941 4522 39148 80333 93674 42668 57965 4535 70072 97023 80695 16824 8048 70736 51901 29924 93551 38262 6075 88639 66291 12607 56391 16565 16934 34864 106 84805 1589 46245 29509 31275 52947 43073 59204 8466 90946 11232 24271 1693 58625 43302 79182 36359 12398 53044 84659 93821 76258 50008 5122 19958 16395 12874 28780 65727 59726 6287 20312 7803 78685 2722 15424 86290 56311 84149 46349 49281 55282 40023 69483 96031 63895 20113 73417 25985 8752 63672 75715 13052 52445 17012 8753 12056 6394 33245 53031 45530 4671 63540 7899 25374 1483 69055 
350 159
50583 77973 90852 48068 43339 17524 23282 11199 30000 32945 52690 48860 21429 5817 13870 36075 48709 46545 65681 18196 21631 76780 83472 33258 79482 8124 44211 88566 99792 1464 60922 57054 53801 16359 97155 57644 47634 97170 741 5083 25752 12932 69328 98959 94998 29089 42826 56237 40566 96564 80853 93700 20598 59029 86697 9165 91772 85246 46362 97882 47290 17582 5465 3288 89157 71997 17213 40950 26320 59062 11054 23480 7360 45284 51762 61227 56155 69144 81502 77831 4401 81601 99899 34336 70548 34448 20578 38303 47378 15371 9092 10103 72230 43004 324 30853 75224 37497 34462 61189 21600 37686 47283 29646 53882 55077 75751 16397 73499 31485 53245 93112 69782 77078 83035 34919 63890 54527 43600 6588 72013 62559 46781 80382 27960 25609 14446 9605 23899 41613 36335 65359 40251 43091 32097 39047 28820 52387 16703 45414 94286 13898 40618 17752 3306 12764 93013 98123 63645 52519 25123 82949 9953 23470 94888 56042 54526 36614 18759 
455 168
87818 7875 11039 54129 71132 23165 9626 91295 74075 73605 72776 69026 97974 42293 70558 41837 70317 72714 4842 93116 4492 97132 50987 56784 24045 18818 44156 70378 76068 23923 54444 20092 6829 7339 49951 18010 97758 63044 8840 98901 52395 27999 39328 74675 94161 35320 36006 91733 53516 59214 71317 35336 64996 41394 55386 41225 90672 80827 22791 91227 49792 55244 14563 79173 68673 53790 75133 54332 26087 99858 90428 33350 44711 76494 63437 47326 52426 98786 55314 92961 9735 93930 55320 23238 63230 25017 82478 84421 76663 21024 35518 10844 47324 42766 83666 82679 46261 45566 2103 80344 30754 45604 56344 62068 70718 27773 69087 85519 7388 76067 65252 36752 72671 88959 10271 69561 96539 66203 88669 62193 60712 41416 32972 78747 468 71800 13371 89167 78739 86132 64172 52152 65591 50437 31684 26103 79638 44318 46098 41777 97990 69827 39597 59300 3078 89622 34137 24911 99610 66544 27543 51290 11632 52671 9414 28580 95078 85612 75579 30089 72209 24827 86620 16485 48493 92720 77338 97417 
669 171
88252 14403 84427 52540 10571 28521 80613 72891 50867 5570 84686 70123 67618 78154 19082 87257 76671 30029 89612 56509 75247 26849 52147 25957 45216 84077 2504 60762 32895 39336 70239 82586 36051 34076 52274 2754 37966 79400 70641 30738 80305 70937 94370 87723 28801 69896 53243 14164 59254 54532 83184 92015 69201 43548 34390 73664 37257 58460 85468 24416 67143 80131 6700 8034 64038 50931 86337 97523 23743 68518 11847 49617 96321 30723 87686 58658 52143 40751 12518 60506 22329 33262 60527 49253 31190 7350 87325 2720 83318 8891 98116 63046 93850 64325 64380 15100 38835 61763 14334 20902 46762 98 8216 43140 99540 78551 9760 27446 38856 56930 69213 97597 90758 76626 96488 82439 44511 77007 87690 33095 14537 32359 68298 67408 33453 4689 50983 57877 62182 90659 94437 11129 35964 5452 40859 85089 13216 35475 61169 1239 7844 39002 64303 10227 26887 23964 73356 57990 9487 5270 11313 52213 28544 50182 25119 98467 71702 26150 33353 62436 56832 24345 28614 35659 27986 96243 93484 60815 91242 49668 29469 
66 53
51874 84205 82581 65195 2621 51547 81243 59155 83093 64577 40818 17843 92889 82073 66659 45522 37729 50550 53161 6366 83020 68530 98364 24261 83776 10346 26050 73854 29694 87164 91426 24235 83797 22265 6699 58881 26949 96568 5578 22560 38765 9676 67258 54455 23674 74801 1307 88876 42839 49036 4022 4609 7049 
495 160
86434 24131 49998 36476 93172 57775 56210 36164 35432 27837 97466 32858 87483 95410 26167 27743 46511 75161 49761 29099 87780 49396 72945 59326 45644 34346 80762 63293 77021 33189 5913 20104 65418 69400 36601 22895 71784 11388 53489 77890 74367 41583 566 57870 75887 8755 85668 13791 48386 54782 68386 45721 77876 15299 71530 76327 33179 43470 65766 9597 36605 48305 58135 18527 72960 93005 49251 19350 56919 89937 20782 73791 96767 75790 30381 35176 62804 13151 19166 30648 12331 35711 91032 41357 3313 80152 59083 29757 76082 46257 51887 1637 73820 87418 49371 24352 77787 40663 21165 810 17448 6258 15830 16382 62534 75945 24067 87975 10216 26375 10689 33639 48277 79701 43096 17252 23079 59404 591 89119 83832 92951 43685 7549 243 71193 40304 51147 30887 21301 39657 63801 930 19628 60852 23160 74099 91766 61209 42583 13083 24471 47586 56434 22917 81421 51748 94499 16626 75414 55744 32225 90225 84850 60271 41103 66597 25101 36778 87959 
687 156
64489 35409 65469 75409 24908 28149 68971 14175 60920 58704 7671 62127 3920 10482 83736 71810 73323 8984 18702 93273 66021 90599 55329 82474 48813 97303 25947 46570 72000 88523 19312 82826 98023 9845 12595 37141 45412 93822 53400 18749 18011 28908 21570 3933 59095 98554 94788 52997 26711 23740 29672 29225 47275 56973 76719 20940 572 84617 62808 90939 59037 65120 96268 10402 38343 90092 77055 10071 92196 63449 44142 70370 94733 57833 18850 20520 76367 32428 79715 26085 16858 11994 5481 1642 45805 41906 98635 91326 55426 68952 43245 62907 34972 44520 84979 93695 32603 93922 8363 95173 5395 74875 29032 79434 19807 57241 79480 61941 78727 27372 59955 24253 67228 25368 77937 86751 4632 64218 19317 42211 1325 89087 92765 54610 89102 34314 73959 85385 87704 90643 75440 57881 90574 90301 78344 11233 83362 10550 62229 25138 96911 57778 98456 33409 99844 56759 5251 87046 61888 42920 49072 34435 44114 44160 4326 76532 
85 37
63509 76488 77138 10038 52245 67527 90886 59961 12098 36833 15970 17122 9166 24156 87157 86912 13508 66384 17360 10525 37999 2631 57201 3925 23711 30861 3402 63586 7691 42497 28661 70639 11414 37293 32807 3554 56350 
209 151
74594 56274 29464 39957 23766 34146 77998 55663 92751 86616 59445 2422 15873 31727 2984 88808 99004 40398 4391 45077 50963 88360 95405 92953 88852 5223 63183 67641 39268 72777 75323 1982 16582 6493 60805 43021 95909 60765 19917 13168 63515 84594 34567 36162 70228 88442 94339 79487 18949 76856 45370 51869 18579 7917 29525 38487 69464 73055 40571 37070 70275 93733 97234 99961 15403 71694 56664 82748 27975 71473 6180 76048 2033 9384 79580 85343 37080 90316 65089 19074 59000 76136 15417 74921 78706 86039 73124 85490 23520 21996 5394 87093 47507 41509 6062 16805 47822 53486 89660 54204 4382 98694 7391 50057 75684 796 97851 60091 21863 28072 1424 10876 5062 90060 97036 92846 11360 17464 53865 89525 35826 46219 79988 3731 50499 75245 55803 47576 65694 61972 30290 31985 11000 55495 9635 1202 74746 14301 25061 69736 93996 36496 37415 25793 84574 87170 45381 67751 44928 91676 46275 
191 158
24983 35187 72377 89654 4711 83558 24308 20942 74042 57479 78572 37262 75833 85833 72068 18069 63988 44131 15086 69937 7125 34497 40602 75956 8252 38018 19043 51709 5253 37569 7525 63573 68206 60005 71649 69975 77929 20754 58173 16150 21297 4576 69395 84849 49241 12165 97194 24619 42183 32940 12450 84756 9195 633 21191 8007 36740 73761 44824 17836 52192 64771 26772 26197 52186 26098 29692 97096 16822 67330 81628 88479 49411 9672 28644 38801 50902 74598 62914 71339 55270 67584 20641 91224 909 2957 88320 49308 2187 61484 29029 77778 8996 3014 52167 5365 86093 67115 43902 96189 57592 59763 69239 47263 48397 4367 80397 86725 14753 11293 70045 98645 58284 74354 75967 43887 44538 80204 98559 41347 3575 99111 4563 30528 92525 45672 62574 86910 6384 19611 97638 2682 64007 51096 89333 10751 51156 10075 34404 68469 6779 39631 85900 22883 27099 38515 21441 73212 95366 50375 10841 56275 34860 54495 87763 62700 16624 35802 
476 141
93908 16566 45696 81594 34967 39332 11057 9063 12470 82521 28393 63827 52762 23758 15850 68710 79494 16141 76172 71335 20526 41199 13967 49401 11229 75714 78346 19364 54393 34498 79287 90025 56257 22719 4077 42794 45976 668 51658 60066 83613 32077 49047 50486 78070 4164 91962 63481 9043 40209 33335 41573 87371 56421 58196 92161 31659 94931 6916 89708 97920 61895 87533 61226 8369 81608 25287 90298 80985 79561 73823 63131 66470 17621 37093 34306 5579 95576 12510 66170 86858 16107 18725 23237 92255 93147 53148 94865 51733 98535 15352 19833 53751 20556 38652 40238 45703 92852 57724 10162 18748 6675 58501 4629 89516 42077 89821 82415 77652 29887 4400 57071 17801 10682 67409 11508 87191 28058 30273 75005 38896 98476 22622 33604 50753 76121 94186 9045 92203 41896 89345 57236 96651 99967 10238 4914 24788 98967 65710 78796 93655 
793 155
49586 26101 75817 87891 4068 98699 48395 55538 49319 5611 9603 13740 40000 49379 12709 37528 29585 32486 31643 436 89952 37701 94707 30018 93947 50510 34225 54445 35588 59809 10894 66064 25781 79760 37856 33338 93459 7977 58898 49273 73022 51347 13014 21170 35713 92608 29512 51081 98026 35765 28629 78725 31765 69367 59590 79750 87352 80877 3949 33082 66504 98193 57816 88394 16804 48651 92581 56706 67197 85254 44831 47302 6461 53209 69851 46738 2311 41236 44361 83523 72393 58513 62802 48973 41350 83535 14143 4474 18530 44892 91243 41005 89521 46421 33641 3455 58791 72833 55583 14848 30833 49069 86143 31963 43031 74128 67220 1323 2766 16765 30411 56473 81162 16986 33312 91222 7929 78912 6278 10878 92218 22752 54693 10074 13465 98722 10362 30035 35352 93544 24985 90843 19362 11167 82725 80835 96858 16410 55787 2642 66283 30715 86753 99407 28295 18391 13490 68125 10622 48846 35796 94154 11783 68916 93517 
478 149
48241 74525 11613 44394 54764 55590 49191 94364 85733 40006 24366 58707 86963 8713 52713 7897 94279 65893 99747 79412 71771 86260 59319 80932 50475 79767 61872 60111 27634 29705 32475 507 58661 2287 2490 38062 27210 60885 12696 10454 22382 86060 51610 96844 45505 11853 6401 49504 18698 58272 21998 17766 44173 40754 15753 97540 34897 65040 5195 13193 46667 30051 68565 4190 4142 64977 99466 94945 95102 72250 16188 26326 61718 35794 75879 81318 56716 54562 9850 36079 73570 25237 90286 31127 43998 99686 98312 83737 21504 23414 79210 35628 54345 56770 84043 72505 77107 78347 86353 1829 6459 24964 26699 7317 10690 36090 563 3896 26334 22561 81046 11618 19722 64990 58237 75755 91223 10735 61278 5139 95093 89204 78719 46481 80089 57349 17794 10152 97785 16173 88181 56077 64071 38909 45127 662 51924 69404 96065 31321 99304 34446 99059 49330 24316 99125 94225 50711 95746 
343 143
94988 552 26108 30252 11226 50507 89128 81869 38463 6533 96922 89702 17224 36377 58706 25651 17610 47408 35499 84256 36660 95162 3893 89563 38236 15331 85747 87545 44857 46157 85319 31047 99116 11215 62016 27746 31570 53333 28160 28581 52149 4192 65333 67839 62186 79714 19650 29056 24276 6583 50427 17424 49056 50167 59219 60800 21774 19761 94870 16276 16404 67342 29995 47844 88489 30006 7056 24527 26069 66087 48196 74671 99661 60241 3406 28183 57951 20489 81605 37908 94557 37458 16432 55163 45303 29514 20945 88332 90737 25555 11134 33448 39734 12201 7503 45023 71666 49665 33591 19591 2918 64258 90087 90534 55821 35585 86854 53028 65819 13301 44832 83745 76566 73468 43455 7120 99706 9499 71951 24627 47199 1996 1738 4550 12672 16425 55978 7001 57392 76174 4372 59129 89390 96991 46990 13347 55106 96012 10792 81015 62560 85455 66642 
690 138
71265 2438 65442 87404 18638 47195 70655 6753 70879 94216 89117 302 37514 76971 28793 68236 80315 76712 96414 10011 53314 98147 59098 33978 77287 45704 85723 28557 3189 8929 34466 21669 58962 56937 36087 70726 59864 99777 66228 78411 62926 45819 1056 20680 58142 91447 54787 73649 72411 49752 33701 29349 19517 37305 4325 76119 56100 76208 77262 8471 21694 93297 91210 24940 12262 8801 67208 52718 14823 85593 15494 75526 30427 23029 81526 82501 29886 99451 66694 57462 47145 56867 28045 61224 44426 60644 75699 26548 17865 42683 10661 67058 19940 24563 44217 25710 491 54250 20969 59870 79361 11680 89247 42819 50834 93491 42217 29621 24456 62372 77481 65761 68114 68927 93426 54030 57699 8313 28627 93354 80329 15959 3703 32934 39505 56348 59921 31750 2618 11598 75826 81801 73872 57595 44109 18915 25861 10982 
23 147
71237 828 6991 519 39629 14221 8932 57563 90837 97963 69900 70149 15363 30515 10477 38372 85204 86991 13925 73556 27299 85142 52401 41234 60914 92839 83254 72134 47373 76251 93826 62262 41670 70685 64426 8573 19143 70233 35373 74664 63864 25452 64256 2763 22997 4093 73710 91467 96364 89449 83647 76826 63986 59607 93925 61053 6456 49443 41086 11452 54998 21372 48535 99396 36525 45651 65873 79967 61015 54604 28969 4453 560 41484 78274 88598 96669 78351 56895 84742 88683 59499 1174 37288 23607 41269 85585 28230 93873 46929 61989 33873 93636 57743 97568 72258 45596 85578 87688 7496 35226 8928 22117 51454 4412 64617 69451 28666 14639 19850 47728 287 42317 76787 3073 63133 84307 85894 44556 47264 20600 49704 59882 97631 85130 81301 31409 96718 37239 93903 72185 7445 61439 56853 81412 60032 65498 13267 37278 73501 20744 56612 25318 245 12147 40191 96497 
387 137
95512 59137 28634 11678 33559 88981 32382 91112 41487 61280 10149 38277 1529 55176 43247 83039 44795 20701 55341 20283 26677 19912 57144 90250 11019 78404 2883 58989 55553 1811 90251 44327 44013 28213 90764 12312 38870 52649 21810 7005 42884 47317 75947 44151 41495 72052 10085 82601 63085 88692 72263 89402 27520 8553 41148 89272 10182 99865 82192 40694 71753 35946 24819 23403 39813 83346 31768 13848 45965 72557 93513 80503 11064 72766 4097 76381 43866 34749 40477 37692 6370 44242 59416 48800 28265 91767 52823 81050 17289 56638 65297 43928 91687 55730 88460 57874 76446 69081 53318 8667 32393 79185 44966 52172 33646 50179 21567 70737 56227 42020 72657 93401 17990 73809 54022 72126 55658 97044 81382 95451 63205 33407 89314 53994 23249 16777 84773 64778 81172 52148 23750 58164 23388 3941 94508 86795 36197 
630 141
75160 31980 95440 80939 93697 58252 30944 37500 85860 6264 49647 41272 71393 81066 33317 89267 35887 34183 6931 31099 14666 97198 19910 32914 9425 91312 65985 78007 79696 46923 37324 65724 18508 4836 14572 13914 66513 67518 34429 53041 32089 95699 82078 77489 83349 53018 56406 5331 69169 298 98511 34850 11165 62415 82404 16967 719 67185 25064 19294 94315 81166 1759 67090 39298 20211 61223 78466 75573 95205 88223 66999 13513 32916 68915 65115 1930 47960 54066 272 26226 24756 15109 77824 84426 10120 29653 48069 26247 56879 92365 6589 4263 52476 23728 65231 34601 20043 15954 3504 95341 84620 91514 63200 23564 93532 61909 81067 14632 89401 4034 80364 41426 56619 97577 80154 22862 50850 24019 88046 47447 82431 97616 90424 67078 27774 84647 41682 88837 48054 659 21657 49327 25698 41364 58268 74217 1733 4718 696 26875 
773 119
19039 62206 57638 6846 93751 26086 33557 28488 63197 20171 15295 82887 85110 60193 82429 87599 81411 29720 26584 86721 24307 79073 34887 19202 71561 62334 96643 59532 36387 37925 8255 28625 22534 58308 39017 58275 19223 50449 79964 34359 15266 94651 26503 17383 86443 82974 38615 76385 19693 44965 13756 7896 74653 54972 95484 59115 74734 44241 66721 25357 39388 30916 40588 31437 1206 34189 90260 66114 48186 19977 82775 1652 52585 88574 79867 35847 1527 13853 22686 31060 24186 70752 58162 82527 29663 38867 72498 15161 97486 1742 47835 91262 49210 85250 32357 88585 35631 70924 75603 69240 50799 13931 20030 52779 88984 84767 29841 98130 42768 76483 5203 46322 23805 7968 13108 21355 92954 69611 19182 
366 148
86168 20253 97610 89643 44200 34465 12844 66705 71134 90103 43326 41046 36168 73458 64756 69123 5748 79835 51582 45592 72410 47574 71233 30432 53370 75045 55885 16092 10938 57544 88610 43325 49531 66061 56340 91506 61492 89704 70516 96068 89977 47883 56650 29206 70895 22328 27556 51615 18965 20006 90235 670 74741 58938 84348 91064 28148 23440 31055 37831 38698 89006 93938 70824 6042 8781 60469 74655 39923 5233 32596 50746 31215 87783 23539 18071 4399 52573 96112 15123 47215 45623 97395 31580 56561 92560 46429 89909 65486 86455 2923 88504 75658 99705 60259 36634 78257 80179 60502 88158 89556 62383 71495 73575 64230 73477 23771 99883 62143 79303 5269 97933 8194 59798 24593 72972 16214 42398 35611 26283 15751 3008 85463 96510 46153 82437 72905 86913 39793 51605 6418 74616 19831 11686 25607 39798 10733 59869 82814 50171 85395 78135 29151 50157 39125 67066 42474 42572 
164 86
52394 14377 90995 83016 10793 55043 87950 11872 99120 44039 16718 80699 85600 74503 45852 98865 39244 36024 90082 52812 1906 74857 73205 38146 39592 20399 69450 10995 49799 59629 32816 1506 69476 65930 27259 30742 94566 8446 21161 61218 92975 83720 30927 76796 38473 31167 6467 47913 6369 41098 45840 77632 42422 82682 73778 82711 92517 18659 22960 53156 40814 61295 25021 6040 85835 50497 25033 81108 38966 97644 34998 55624 87553 57117 32861 92346 2534 16900 93768 30470 98887 89018 53979 7195 85891 57211 
805 55
69112 63402 24266 55812 18717 97764 61319 56788 35210 75594 14889 98339 43353 94614 2539 22175 75610 68007 31469 57474 8638 92111 36485 53185 95124 28835 19381 6257 50354 51909 92917 75580 10663 3464 77746 59694 7012 15918 78495 3255 41458 43044 46110 82867 68978 54190 5198 64854 26594 23450 5154 1520 10100 76057 77082 
565 27
47926 18298 59448 21867 99859 28502 2500 11011 81791 73215 49006 96649 46138 23335 11480 9327 7647 55720 82707 17779 54181 44973 86886 15498 77673 34974 68289 
233 71
12612 72800 88769 98639 47390 88461 56514 28283 25262 95770 84370 71385 15738 6489 63762 69606 83721 14044 53928 7574 26943 13953 48126 73002 49723 16149 83716 96984 28073 44501 20353 52542 72359 26491 41182 1602 10642 34989 82027 77384 94158 58864 67783 48463 72822 39377 67116 76529 54594 38056 24361 50994 18886 82651 49919 19845 18159 6552 45297 29566 84936 89884 61363 68014 58815 62034 23855 75648 80620 95929 65203 
980 56
1399 58245 43657 13155 32655 53267 29496 10819 94783 91349 82812 99924 14930 67967 71793 16702 18325 46978 887 50495 45759 58535 84155 75186 71877 58329 40376 77815 10141 40701 26801 2387 17168 17363 95502 71878 57740 48948 34286 11700 1369 4930 77096 29527 98145 53617 45624 52264 22395 8674 46215 92563 12321 9802 65076 34031 
908 71
36492 43864 44333 64442 24113 86592 2936 92776 17629 2107 9639 51086 29830 21270 25916 54942 97152 56014 37916 82461 49771 78861 21749 44837 23061 25322 84117 64505 82325 96699 7654 77971 91935 43856 23462 72881 37696 19505 6427 1176 50312 77079 68584 31687 81266 51244 26266 83970 89561 24470 39394 16636 75705 91011 73879 8955 72336 96864 75969 84226 82573 37149 95715 91290 53246 58403 42444 18232 48303 22029 69580 
566 251
67314 85408 12157 47370 55955 31871 42859 4269 86104 79350 88139 74083 64084 33170 84881 75113 46658 13058 70364 52612 89540 57091 13036 89339 10914 79072 55920 83262 88308 44570 32469 21166 87115 45995 53186 52344 23102 30456 71595 78842 29173 79347 64462 65214 79723 43804 81209 14459 73131 68212 80431 10795 2562 61947 78644 67466 67835 34835 38700 49591 60690 83077 68134 35619 70821 44515 77085 55272 30784 85576 41275 26796 19485 4776 53576 92224 32884 43912 14401 49209 83153 26692 79809 76704 7865 84436 17664 12567 36530 43760 57183 12161 17162 61347 28807 80915 89359 61622 15174 99075 86903 10859 89054 2696 17155 45383 23438 72086 81981 93334 7294 53615 89461 38833 82565 10252 26337 38845 13588 55965 98228 6814 6201 82463 18260 97495 17678 25196 50364 86373 29537 75134 4596 58 62033 76846 48137 59085 17797 36108 5854 49086 53685 97940 84832 74904 52544 12082 52841 65566 94034 71953 39586 55025 90698 67933 76602 24002 99039 40963 42756 59066 41392 14435 70584 39313 90315 74061 31833 98614 83768 39523 79702 80697 16914 58922 94815 62935 68975 79782 14134 37734 51660 32065 74626 25775 89095 78805 17376 4985 70079 54256 967 54034 11029 83308 75390 24154 34779 71949 14613 85866 66836 16165 94965 71764 10603 17968 8829 64831 56063 86163 86022 71632 14046 34962 16318 58455 87725 33046 48711 3721 34484 912 75673 23224 13716 81532 89825 92906 64974 71482 1450 14515 67760 91797 70501 13037 35763 1340 91343 37463 80289 31234 62445 63239 904 53337 48112 8392 60113 
316 210
75062 34616 47273 77505 56212 7426 87306 27590 71260 48810 32542 8676 72022 31953 81348 94497 98893 60397 2137 96728 33556 94807 3179 84755 43744 77214 48088 25309 49335 77059 85097 45887 65990 26928 74530 28111 83915 3889 45114 32457 96259 75078 1591 91318 89386 11097 88947 40476 37633 54607 62644 13679 66571 49042 2659 55032 79996 20740 4095 61631 11253 18495 55697 94774 2640 57317 95325 79323 54039 9794 16725 33313 81105 58413 21621 52935 52354 72445 74885 32462 38922 7152 32506 88578 32913 81878 76449 20767 40043 1910 36348 52101 53297 50445 38193 89781 79359 56351 54001 27335 43944 18096 28442 29640 55024 76573 37133 50413 52317 80375 87682 59102 77494 86685 6539 41902 61658 38150 10299 69617 23895 94703 84170 70723 39973 56828 3612 73265 92513 72918 11938 84200 76779 93231 37184 66072 68985 1853 71013 93756 21251 41591 47637 40782 19578 21900 15368 12678 49629 13219 47767 9030 28034 38603 76044 51018 71680 93847 98292 68083 80578 12078 94063 45738 48626 42129 77926 74448 90317 24752 56026 30606 91004 59112 99688 26255 44721 65175 7726 34360 87109 29628 9600 13769 17371 5903 19065 16497 4066 55689 11698 46041 64358 88757 48515 64904 20218 26310 55014 47075 71985 11376 68092 51259 65157 89330 45424 92734 19235 55874 
462 113
15550 91293 44679 27680 11111 27836 7026 78993 94549 82331 95436 27792 76271 46139 92459 36754 54707 40648 91730 97675 10648 37175 55977 38156 68060 60194 36515 43797 43838 34605 62545 25733 62816 92540 63342 30983 3046 67698 11320 29799 54044 89144 58689 7724 85201 15115 80307 32139 76574 94470 25290 91336 42589 57190 79527 29513 49545 31317 34019 54449 17185 72441 34005 23348 40537 29414 94267 73935 61418 43552 34772 15414 45343 29052 21123 27973 94731 30036 26395 30601 48130 96331 81932 81733 80481 94740 59817 60277 40523 57078 29614 60588 70557 86374 87118 76740 48900 50314 68411 16669 34023 50832 28859 31950 96326 1095 98975 75458 28673 79470 75296 87360 19656 
500 124
58948 91042 74716 27108 99324 53252 9982 81776 9422 80607 88512 71621 15377 55735 39748 35231 23295 18300 87717 16668 33097 13697 49352 76222 69984 90284 54072 79225 37833 42468 89557 46180 15357 99284 64971 47595 25977 89437 95682 63722 38686 41149 67299 93630 63458 84071 62771 37575 64458 66955 92374 56698 70396 32101 94072 4974 14412 91920 60121 42881 45344 65585 52866 35170 35072 22537 55963 99102 58632 80828 32942 12482 15897 97755 82084 93372 64095 87681 42397 79124 31195 71696 24790 15671 45734 18948 42179 83415 14992 63930 39142 39647 49124 13141 44111 93829 89028 55830 65638 70095 49797 75038 54831 37808 88078 66352 18092 70279 38184 30504 91203 6175 78230 76798 61461 85232 36793 63275 44061 3465 11991 15913 75231 68680 
920 87
11460 50500 82447 84315 29644 78108 84095 23645 53644 6341 42571 47337 81257 53748 94917 31305 85663 60722 40498 58660 73036 35101 12745 34531 41825 80077 34676 33344 31088 94609 21322 71825 45680 64845 82741 26595 67168 12399 80113 6340 34889 31430 74039 99836 89616 16902 98625 37779 578 23516 68795 45408 95709 12097 61185 3665 68496 79128 89903 97286 21528 89011 24093 1170 31138 9978 63298 54122 3623 63389 32687 52117 98304 75520 71975 95939 63310 38649 82397 71875 22661 40394 19795 34173 38532 94802 76689 
509 122
6419 84440 23125 89995 94058 16036 79021 4105 35996 27982 98993 87705 75847 45134 23756 61470 86921 61590 45635 80408 70941 8967 60901 66560 94265 88534 25680 97429 31556 57993 4861 28000 37959 81552 10632 48377 29334 60284 13289 28385 58551 77792 27815 93497 62979 81516 33614 34823 25747 52781 69739 37918 43077 98987 48742 40651 48554 86347 92782 1543 15908 68354 36302 81084 34505 31019 87188 71160 75190 47484 92195 32421 91207 6540 20913 67695 65 3250 5987 31206 19855 4434 22038 38841 5382 32383 13851 66052 56721 1971 28217 53026 22535 72005 28810 61573 74858 64497 82782 86499 90890 79914 65779 83826 75029 41356 14526 3932 94475 42831 20163 93838 33404 92597 33632 20554 32759 6172 11462 74824 30007 17240 
231 7
32599 49217 32684 23534 51340 2623 63041 
586 118
78384 27077 94656 37804 86362 92468 66172 91631 92264 78072 20565 10715 75561 50102 31801 31041 6614 59648 96574 94796 54262 65786 1177 58364 48199 57737 66086 20347 57696 44825 60068 10619 19864 27023 62784 95446 2369 82086 26402 49077 60827 69024 41291 75716 36837 32302 2077 63139 54486 39366 39246 67236 8176 85357 51613 20804 62181 57895 73389 91719 64580 723 15154 60930 67799 87054 92593 52918 76400 97199 63985 73578 45991 95826 40125 93104 94878 47748 73676 30230 18546 78473 8815 75701 85934 86383 55739 66259 40753 80832 63617 77250 51853 86814 62207 13812 14052 19587 57319 34575 7852 41860 79902 64100 66187 30125 36669 94877 65260 75002 52948 42158 37371 12362 74342 98764 37529 90682 
117 104
69420 71817 31631 23999 39164 68568 15575 45638 811 70289 60019 78983 75284 76347 1710 92713 2228 87297 5837 42580 94172 16381 57429 54018 66207 55888 33190 36400 37103 25419 32635 69571 76611 56841 92400 52219 84121 46994 53781 37806 51823 26811 61940 64132 3219 60353 81560 59034 66654 81763 60279 4529 20499 1280 51364 80914 60613 46869 64389 1622 85919 76154 3040 29064 89324 37902 92002 88034 21337 47444 87863 39508 6973 58066 5675 55643 90691 68947 54872 33891 88255 25086 81938 59240 29311 37733 59897 31777 13286 56058 1658 55708 18890 79053 99904 63703 47877 95406 21496 83975 10231 97402 58559 16879 
388 243
3461 31811 44768 49918 65226 69491 54576 59710 99583 97694 66574 10357 42703 95677 99901 62365 76667 27465 27547 36822 30457 48527 27445 49290 13316 51399 79298 64677 47226 93525 18975 58766 48393 7493 15590 71832 35881 20635 12451 74869 71887 17276 86294 65863 31107 23913 81396 23608 61910 48850 26517 30475 22598 18280 82837 2761 21060 59210 69939 6821 67971 75326 70056 60317 81465 35610 82282 85862 68297 73715 4489 98907 13506 95186 64354 11725 66240 23410 41931 14841 15126 32186 44168 17008 40259 41842 52436 56439 8681 57931 99630 13268 31535 68315 53529 40030 89840 92595 64794 22214 1541 94254 5727 625 7323 29655 18135 91344 67259 58979 52882 94816 266 59080 22121 27340 38755 45795 84480 44144 40993 62524 69778 92285 93338 16193 23689 30423 1606 48317 98284 22204 74327 79939 62886 19404 76569 28575 29107 48415 85210 63664 86879 2308 52000 69348 66801 93179 92035 61861 98074 95867 47393 83806 61736 20080 89044 9096 63378 54665 83403 8844 54966 19113 13000 82355 22271 17807 49999 81831 48976 99552 60076 93929 19050 24199 23536 83233 84045 91141 2986 51781 42326 15906 73503 11178 19673 88796 11047 52796 3410 94086 10139 37436 80919 28112 83683 44257 68246 74993 5246 85815 41425 74723 14480 21680 92972 13701 51548 22177 92077 19276 34467 28276 86307 13239 87197 37520 68977 92217 20848 21869 88705 83751 199 14240 37198 82515 86579 78833 2252 64322 8735 59354 8994 98553 51378 84238 5105 33752 77198 17742 35032 
693 228
30684 81102 41089 94340 12319 53365 30795 48289 67337 43615 52832 56918 80884 5360 60175 65521 30820 11211 23668 34691 83731 33369 66512 52773 70560 82467 14043 98906 75524 85915 58633 53292 61414 60327 87503 62239 5787 71761 61447 1205 89511 20824 15965 96462 58046 11274 9009 67235 37676 68154 99576 8238 49212 85744 20757 38194 89362 9606 72048 2796 65292 23252 60682 85163 49179 47203 50796 36625 93992 20687 76111 70382 69297 4160 42924 41444 77227 63838 6518 30026 24881 85916 82690 76471 45681 48721 96339 8933 84453 86304 59543 2650 26980 50769 94565 21390 75338 21018 36720 19985 1246 55158 97042 41753 93993 93094 43868 14183 45726 5134 21524 51919 78558 76591 90395 67797 94630 72883 94293 2895 15291 66184 37323 2619 41732 86937 77930 95614 73751 52931 91232 84807 63010 72987 41211 84380 41661 72888 72433 77546 74403 15082 22224 22073 81012 97329 39065 89166 95671 69566 50351 12187 88038 16791 24454 96004 39419 33305 22021 78385 24595 69646 7741 47074 26042 87679 35326 4627 82295 71703 63193 30803 91391 72546 62891 10684 52336 89795 91509 92531 89259 1547 21965 3103 64113 30376 99984 22705 17982 34799 3 19076 92064 81746 63543 35033 56789 64537 73636 4787 59026 99001 10318 2962 91756 18669 2017 96365 49392 25173 2945 67840 72961 85955 43430 36504 40387 4943 88868 15588 60186 98654 83094 69547 29280 2482 29124 16018 
933 215
7703 15611 59202 44949 97701 98420 98281 34648 29457 92206 16635 5487 86813 41810 79214 2354 36889 17583 2628 78548 30055 43863 78177 57856 86809 58133 64106 68963 69760 84526 37164 74897 24690 49826 35232 74485 13256 1969 16535 88695 81264 89451 55710 25751 16591 56016 36627 79080 44147 77366 96260 30867 23168 89440 21350 17404 87422 33384 13102 51416 91140 21280 61593 5972 80170 54531 31650 9227 34133 95916 82245 3626 80008 66581 86524 65199 64533 29729 58978 18531 96250 21412 37159 44776 50247 51917 4148 96248 88258 46392 85413 8349 1732 19972 19965 12995 90185 46561 59706 31426 43459 94490 32659 62003 70134 3864 79065 35983 12904 14189 47240 37009 4437 82377 60954 40650 11514 71054 18035 17923 716 62704 23442 44128 71809 95062 10773 38157 33394 51230 42892 42997 81931 14278 69291 59522 69826 3859 62335 63268 81644 66377 86705 70297 80819 60479 29428 43263 74613 58649 47037 23062 38217 75046 88742 39671 85145 55767 47442 90905 61394 83280 52910 42701 43099 14111 56874 17481 61184 57163 3628 40075 57426 66284 32328 73963 81745 21465 10962 67669 85461 16230 75611 69917 58977 88114 5241 47480 78162 17700 37830 60024 24419 67647 64041 29057 33376 98220 36149 24513 86547 68389 26855 96541 27263 80 56974 92815 44763 48139 21898 11558 96214 28307 74810 
589 239
88561 24998 80723 27971 35334 26432 59396 26726 24202 49481 19296 32802 1387 54540 91453 44684 88748 97254 95370 29578 85610 26858 1713 69083 39478 41329 51581 18103 27235 24555 25797 86664 89727 23896 22259 7514 28380 76965 56682 98320 55646 78182 34843 39026 25650 66118 19602 10155 33851 17210 84340 68290 40989 95602 80544 46283 38491 20960 80367 91183 6892 25761 51955 64925 64602 87732 16872 51561 80585 99804 73655 29561 11910 31707 6292 26814 23286 57674 57611 14108 1338 53690 86609 8825 88292 74794 89270 8346 69134 86215 74895 69332 27504 36834 39151 84320 74384 74038 90273 64698 47544 58812 20362 18283 8568 13529 63813 19501 80923 68456 27896 46678 10561 87414 70814 31254 34555 19512 48958 50838 2178 38593 29856 94334 58847 66436 63491 23354 50217 4200 9004 71584 56431 34344 62736 15795 88652 22426 2697 35471 97120 93577 52883 30777 46694 4358 8441 69490 93034 4745 70761 86756 8365 41428 85332 15197 53303 91130 65844 57667 10643 94360 89288 37076 16394 14602 29101 3372 70208 77942 92377 60728 5096 64304 63004 99599 89920 69578 95374 1309 53823 32912 43914 18364 39716 31850 49895 87774 61183 96546 55101 90200 6004 77698 19097 88805 95646 82038 45364 78587 14270 62343 82720 80172 31228 90936 30349 71441 31851 54166 45027 6538 124 94027 70766 16197 33711 28066 65843 4755 63980 90844 37946 33165 4491 94263 12075 45791 57632 7638 96010 79353 34119 6216 16526 38587 65908 4515 15596 
82 226
94427 9965 74817 43543 35839 70156 57275 20668 1848 86280 73030 88665 76430 31520 57333 76268 91410 59437 73714 82204 6420 24571 70907 67820 63804 32539 1458 43642 81450 77083 62171 50222 36917 55938 89648 34537 39969 13367 91355 78104 74244 18699 33418 1282 7123 70707 31292 84319 85113 10262 53094 84501 33823 74592 14165 11370 11496 31834 83871 45634 58566 57226 90216 57780 91552 27270 77399 22409 82392 71738 65730 87737 86971 59643 93366 39591 14854 97380 8159 45565 17160 73346 6773 71111 37464 87438 10802 76343 38877 53693 11287 87595 85604 83151 7062 51603 13241 42615 38401 7745 9642 41626 87146 61079 80749 97857 32711 71516 94922 41916 32256 83224 2363 32000 77823 42102 5634 13668 37020 63764 51149 1755 90857 42097 10486 56149 9480 8556 87030 27365 36712 87698 8716 76540 55436 35704 48819 11552 90555 28888 96783 19244 67293 28038 23527 83672 42883 14186 37650 58645 70782 94592 26100 7603 20649 78772 4811 3098 73887 15931 48093 39365 2136 31458 43688 36427 73144 30121 38241 90032 8114 94666 31909 49339 34115 46226 85053 84837 75359 70264 28436 28549 31098 46996 89498 99517 10902 28579 269 2607 85590 46125 46589 53147 72312 45126 56273 44155 68990 63871 34938 66429 69359 64504 3508 41792 27492 24855 50504 14908 93706 2514 13424 44931 45003 60864 31895 44011 97236 86124 836 10548 30407 85599 43544 26947 
634 100
43507 3951 45728 43547 4947 82319 39578 22478 48272 6464 96434 90329 99690 42434 74237 30168 87474 22587 27317 81837 53556 78857 21761 22026 1788 195 17927 5037 59723 26756 57041 64857 64279 12545 39039 78911 83648 1807 10564 21834 92050 21743 54209 53250 4065 2185 14026 82724 43142 73221 62279 89744 84882 84246 18772 52307 83113 89656 24759 71709 59811 3152 21394 1114 68846 1001 88357 12217 50259 34379 5909 97614 71744 44964 30975 84254 70260 14790 2443 69940 61147 66007 35750 17126 30313 70930 35988 60655 94675 4373 98949 86825 75009 33675 39468 49926 75192 24923 15772 75620 
239 219
57923 43262 79863 82491 88647 96466 21627 76112 48182 42799 41139 46467 21047 76644 31396 78678 9685 56928 91208 37172 26496 14456 43596 29894 73042 87045 10023 38861 46802 81970 43157 49254 6823 60441 79250 96953 18388 72141 76069 22763 14201 12590 57434 9652 9627 38444 85799 40647 73694 8028 68276 85662 12093 77119 73207 77927 83808 45890 29027 33161 57779 79784 62824 3222 29744 52646 93952 66302 59182 46684 11677 18128 73555 70958 54547 12743 23884 93691 25172 90364 34100 58375 90975 43821 31616 94806 84683 22756 70724 12800 22541 60867 44297 98334 18666 22891 97102 12848 41254 62208 2109 54424 55377 41298 51753 3861 91634 98761 6799 21086 46359 12770 18570 20816 48352 90762 66547 13183 29574 48847 58071 11904 5174 6923 58935 38513 24420 6327 78152 95210 38758 71437 19509 62317 30844 31131 41506 25214 34172 94482 72894 65602 31760 66514 14685 87639 61950 77052 82804 17823 74112 6105 81259 30449 63522 24872 7561 83600 10392 35995 41675 34910 86977 58240 84383 53398 75930 18522 16148 2190 99063 59323 70647 31319 74609 97737 26506 73382 77921 27605 48639 47234 71302 99166 46835 990 9242 95309 77801 33235 8422 29516 52620 8805 74790 52376 35576 92048 29312 56132 27301 56849 53261 50552 81889 82369 38807 64883 27405 78165 93125 70739 86732 2433 88369 11467 90021 33832 49350 
556 99
32626 28452 81068 35361 80962 82273 94639 37492 30711 73545 10691 42978 92441 25066 96893 89945 98802 74356 70021 19132 76452 60088 83078 29698 26842 45587 51204 97709 36694 20059 88724 18626 86830 9928 47984 63000 1482 18286 16660 64433 75558 13329 76743 10140 68238 34763 23548 40975 55343 77783 21502 70649 36426 55048 3208 32879 61605 91303 74901 3158 31465 5530 12898 70347 87244 62333 77532 47427 36133 60526 93736 74144 36352 62140 23005 12440 16633 43959 30517 98340 58666 57083 77669 77257 90851 96535 11620 72595 41846 25629 72973 67812 7279 62845 64764 79091 221 40142 17355 
64 109
34983 49970 22981 6197 32146 37294 83498 82611 29594 15045 3807 69157 6498 44993 60949 43755 65180 54106 32644 532 26542 44055 51518 71433 71509 36572 27633 16227 39658 17419 89686 21782 76 17721 79111 91216 8234 47623 78271 68591 88190 64423 38964 2672 54010 669 66696 15976 13489 51196 36233 50750 2643 20796 29508 37366 90709 40604 3622 50736 88840 60372 62701 89891 44927 93599 18528 86149 8555 46378 18990 24842 67339 29511 66017 63955 46118 7203 63286 12208 78707 32708 93779 43481 85123 55466 80336 98062 23677 80803 38538 71504 47502 78886 67487 25937 60609 56987 76182 71038 25380 75041 4252 91892 33521 58476 44696 98561 15977 
100 193
48005 32338 65341 22726 17367 12525 23968 92602 39290 85770 93333 26199 65616 98776 45313 98180 54986 19783 22438 40500 89200 19491 1029 15755 48031 79208 65627 51855 81291 38555 85494 50895 7337 42494 28978 77108 5145 84373 56467 42016 51205 65713 78832 43785 34569 94818 59229 91896 40063 55356 28695 70206 62821 51647 20039 10910 75220 71818 7718 39013 42659 95004 12540 66810 23392 84825 94068 29473 57975 84569 82155 86329 47910 34812 103 40263 98105 27164 62572 4568 35137 40848 93837 43814 92447 94040 1208 80735 35978 47069 74605 5860 10232 40552 24477 84662 35065 13855 84595 42078 61446 58610 32219 75033 29827 5116 80831 7244 7434 47515 71944 73763 96413 37307 28963 23198 17331 41660 10713 61228 61948 46282 73941 82457 52835 13639 5357 73561 54295 57270 73324 67652 23604 65524 91673 91505 53175 75399 88600 8576 23345 15655 25566 22209 38083 55916 48640 92940 7266 18704 46485 44915 13722 57776 60274 22976 30691 90563 84515 36099 86267 42463 2954 12513 57597 27188 30571 3451 39195 41992 79761 31166 53247 96571 46269 13295 65792 4264 94137 17435 89477 55638 20151 28119 51614 74055 35943 10027 8228 48469 83261 24478 28191 
242 165
12081 1303 30964 16393 15635 37570 90722 45038 38924 27769 65383 17933 61215 20339 18145 93575 12896 97427 14799 92149 86359 33401 20383 55520 32637 37892 90908 92629 69741 59530 58919 61062 36540 70020 5609 64039 12546 69834 34008 23206 38221 64978 36182 77616 26568 40346 22996 12435 43758 35599 11331 53136 34971 67911 8923 45413 60107 55372 33638 53231 50317 57836 11812 54731 29481 26544 10895 78544 53088 53963 79920 53320 19066 15059 14607 94757 16347 3786 92933 45930 43398 90570 48619 84195 25171 33364 5660 54158 63064 98441 17024 5931 33716 29132 94394 71813 24818 6266 34329 80862 66289 6003 47879 61332 15076 481 96781 5084 84292 27691 88404 74189 95296 59270 49756 4377 96624 41876 63075 9219 81625 65278 97752 33153 91934 104 51691 42511 55172 13847 67593 88412 92467 48759 75252 49547 98423 26466 44600 34924 6136 81996 15998 94705 23496 36417 85877 71910 84005 49174 30451 78954 40948 68310 77582 5870 63767 18451 93438 15689 69951 20191 94725 3963 96865 
952 189
20834 45257 99864 67080 31021 20324 65232 16087 4021 85057 40724 24656 51486 51565 77542 38562 2426 8022 77252 54772 93085 58148 96444 29812 57751 95583 85197 49870 52577 11990 79847 57635 74158 87169 72024 17244 89078 50821 76306 65031 44641 46856 45731 35586 84598 84608 61200 39418 3370 5089 31347 28104 31870 21813 88643 42504 62294 57540 89017 96215 25058 20130 88474 94055 42667 57978 37697 90400 65081 95841 59853 80570 28500 91798 75311 24744 96862 78509 91371 62322 63693 81648 22290 90665 88410 54534 15868 8813 32704 66566 77128 91763 66586 61829 49338 90656 50143 6613 11160 90556 19450 17720 67051 48886 76307 79524 13321 56843 91975 16189 41993 1080 32261 38772 96237 51524 30534 12847 4971 14086 32577 79155 14820 22369 45572 74563 77695 41632 24740 90223 63602 15463 12629 64401 45002 96239 3946 96620 63790 60811 11072 11795 277 62232 85189 12486 95132 95494 67449 52169 89248 75659 69699 96269 81159 14329 99076 95026 10538 74191 64107 19488 62862 10076 42133 44158 85182 49304 56269 25154 85598 1391 61334 44218 52316 73980 84262 25326 79639 22968 99337 12476 23701 15968 63886 33484 94322 29261 94100 
155 96
82900 41120 97487 41612 31667 34791 17584 87943 26143 21461 61664 97871 84434 45886 93062 18342 92333 81514 35495 61531 52199 93698 94735 38927 9769 95183 80153 65283 56299 77145 93143 30495 59239 27835 1020 75827 48350 94395 56782 64076 85553 5859 72047 46525 13539 46718 79881 81234 40591 89959 94672 52414 23274 95239 18317 35776 83199 49891 76579 26775 52798 96558 33014 54777 99586 51663 51590 94095 73617 36730 28441 9110 36774 30033 96451 68859 57600 64596 49436 12162 72227 9727 31175 3540 19525 8759 69125 43206 15160 36582 13146 65951 81389 30323 48259 81232 
820 56
55789 62101 25646 93631 78263 4354 77645 42749 46591 59709 78986 54960 49555 42127 25723 70928 19570 76034 3334 43108 75513 32095 42437 52111 68684 17345 87010 71991 60390 61201 45701 22696 63547 47614 32535 96418 60656 87283 87216 96724 73298 49527 39187 2845 31101 98440 6222 16825 25803 73187 70242 56614 75859 19793 76711 49941 
715 167
42480 8722 98414 49200 64564 9473 95311 32407 94081 60619 44997 26317 71906 55834 10177 34670 67548 39314 11675 72864 76954 40793 27475 47138 52681 94284 35663 78721 29888 31346 49202 56610 20242 83966 60960 17713 39262 71671 60282 53923 42084 19416 37727 66295 2074 41471 2257 16734 96253 56732 51726 13076 3316 71995 39767 18706 57178 73145 33960 90971 87852 94948 2216 28169 46895 73924 45137 50998 69429 29677 51873 55637 43722 4790 77412 75946 84482 16810 54117 34573 75602 86244 83783 76393 26492 55964 75692 31142 54005 74090 50280 88087 83312 89186 25935 4414 86083 60394 95767 16874 61154 3295 1166 54173 89888 51771 47570 21858 28887 6618 37630 47498 82141 37868 47667 61462 39357 33222 81595 4895 99495 67928 59220 89208 36419 4511 92836 23747 12644 18347 76505 83275 10196 25912 60627 8688 53101 54570 64212 54673 39514 3688 43122 85174 47545 32497 95514 16931 50567 88611 17625 9460 10748 79592 33002 63629 19369 41166 50763 2518 52237 75286 12151 62129 35095 80349 66217 
466 177
26054 97793 82386 96883 90184 13755 53641 7458 96573 24280 64252 16246 35830 57744 30477 75741 83620 8552 12493 90305 42356 51001 79325 85630 96656 23172 51947 73483 83461 44384 74556 32487 10026 89002 15661 74395 25850 4048 97430 11309 60562 72092 53686 73683 94426 36330 45939 12304 3496 26224 66093 89911 31218 40953 93137 19314 65855 14627 55899 53269 34354 18932 40513 19394 61512 53610 75563 57304 72506 84457 69212 49680 36138 96739 61006 18876 20998 78329 2026 30906 95480 83990 13640 68663 7678 89485 26234 76388 24853 70967 86972 37797 16848 20028 24246 76933 68182 51485 32992 17200 9843 37629 73883 97419 72340 54821 57361 69193 58855 42024 47825 91389 70844 63528 41615 774 1751 16722 74176 23163 24132 9109 48064 37181 8660 45669 19164 32134 91385 4349 83291 56385 76276 83324 1552 27463 65759 43730 82215 34491 47568 37836 19646 43231 64420 75200 48379 34939 90900 81929 88256 48870 61388 85886 30299 95610 85108 89472 56443 3825 82589 27187 499 12757 15730 37632 73716 88589 16754 14938 6862 60216 21960 26107 30797 50162 54695 
359 89
1395 2410 63529 80385 87322 36263 69099 45851 48814 29212 70490 50194 80446 10219 26207 94051 94183 63962 82701 95704 45612 66577 1460 86497 84323 56714 5424 76356 18402 95814 24468 84835 7714 14880 69036 96174 10287 25344 47794 21435 59309 68269 34845 23590 70927 73102 30770 93884 76773 21854 52675 60661 36686 34912 97398 87462 94895 80034 45444 46517 53176 82111 389 56885 59044 63102 48545 57645 28024 66150 60018 60331 62146 25024 49453 42914 93505 11604 61526 70733 16206 44995 28153 90676 48454 56533 67302 52545 53800 
962 82
24157 33939 56830 55869 90206 55864 30017 47552 5335 34817 12177 13703 52927 91115 68288 46879 27806 22182 91597 13749 51436 44529 22795 85678 66849 80677 15836 61728 78226 24747 49988 9209 31899 9891 54761 91434 5018 2734 92829 10082 35260 71544 24189 71381 23353 48099 6962 22678 11599 59160 20853 51999 59282 725 30190 1007 769 45500 16555 78522 70857 18289 44951 47778 77447 14827 16895 47899 19483 20673 18370 30373 91002 92437 28919 10277 81403 21628 27102 22083 93323 20800 
151 116
72914 93278 42289 50463 89981 81887 81440 12227 94073 20367 95672 93964 52268 70890 57864 52060 59133 99426 74518 60878 45422 3882 83675 94817 66306 62966 40324 74962 61952 61361 99968 24814 13695 34736 21629 11511 31445 86068 46008 39443 63638 8362 86658 61090 54504 53402 46573 13018 50659 2800 46808 73117 71854 91127 85084 74481 38154 42330 67648 55047 90639 33737 53118 94143 18503 36063 22487 83053 98821 12831 6657 87974 82710 4313 67889 67825 50964 31634 35915 53871 29044 20146 95242 28516 83191 3607 64097 9374 75019 81618 56699 49043 77848 94791 9294 63020 15402 71312 48882 18214 82583 37301 61686 41121 26883 62501 15891 89276 96155 82793 7687 46133 17215 89720 18087 10983 
665 179
33269 84387 3662 42416 10158 34982 81833 14847 90287 20428 37208 67579 83818 95379 48198 50732 90907 66290 41840 67552 87970 78831 9986 36623 2172 67573 98732 70190 41607 30870 62179 91980 70425 1531 78771 20201 53540 86102 1752 11887 93955 17660 78504 93379 86785 41422 27840 74386 96691 84435 5866 46040 59677 78836 84852 13840 49346 76993 14756 86399 97115 63936 25213 56230 49082 84379 10341 96213 38557 55551 64872 69211 65650 71429 44797 78761 23137 61543 52985 50195 28763 12406 94695 11476 12139 968 76424 41346 17147 62284 67734 71553 14220 74463 28244 23544 47048 53106 38273 29678 21175 35100 94547 54067 20246 76053 9764 93934 57068 69726 71109 19112 94582 19549 60595 12336 76857 32830 25197 67175 1997 54900 90194 50579 63725 36292 66213 30048 62731 37880 66549 2073 76181 95171 84268 22972 47450 17339 6256 94419 50788 57220 35523 77911 87032 69884 4641 51531 88192 21961 76341 71652 14311 9485 92661 97891 44192 74985 28304 92731 33913 32224 59287 32017 23958 47647 8546 4754 48913 14466 21340 82907 15288 81427 67340 91287 10709 63694 30860 
60 84
48119 33471 99184 91102 52013 68750 22947 48319 75429 21553 27494 89538 51923 25881 96879 96744 87305 39092 31080 31424 77101 1524 5534 71505 74984 77627 3456 22247 63289 43735 6273 6045 25417 90059 71591 59278 15785 72556 71168 96914 92223 96156 76250 40888 8283 16352 90423 70220 25715 7997 99838 5158 14053 74231 29991 1537 31632 44072 33691 49432 77662 22458 39921 18001 77465 27205 76219 32724 79403 98847 45050 96051 30919 3804 52454 86161 68376 53142 50266 98338 98607 7036 56445 39128 
949 87
64661 898 78742 74298 49272 43582 12549 50234 4285 41980 29105 77943 25315 65300 96639 70709 78514 2972 19187 97591 49957 82449 7286 40610 53691 76369 14897 63728 90895 38547 62941 87309 38631 33769 26567 4286 1888 22431 94241 46938 85067 42880 43036 63066 58433 19339 16438 31896 78382 88318 56198 85670 64162 28755 93089 45324 17101 21381 50168 10055 43033 2617 44865 65162 50617 21154 5733 85109 74881 60945 24918 45012 79007 23400 33184 5766 8094 84851 68375 5894 46944 7276 87444 96693 68040 78651 83361 
983 70
29632 15085 64057 17476 11603 75532 14166 21767 16256 47192 9513 69326 2373 8262 17871 90774 42774 48 21557 27615 18191 54121 58303 38741 44237 71379 42844 81038 35533 31658 43154 85761 36393 2929 10653 64668 21807 4402 86717 9543 66874 11235 74823 77343 85861 15573 92819 8300 47791 37196 65149 75929 81468 95225 91906 51066 46279 54281 34070 89205 88942 35184 98771 66367 76726 29969 49944 99078 98036 37451 
717 150
27332 38973 27711 99601 13360 46487 77047 1075 45425 42641 63435 26104 78188 81651 47915 54691 75021 11181 42865 42338 58159 53145 27553 72348 58693 98568 18956 47594 40089 94229 73642 70119 84316 92215 32030 11327 61874 83646 3037 74541 26358 97743 26019 35393 71294 46044 37384 39396 4569 5226 15517 96547 65416 71889 44858 6322 99871 21246 15383 11687 96998 43891 61572 25080 63060 34751 97207 85881 82106 78803 41505 67101 20889 12571 73267 99941 16957 79549 32544 24906 32452 92979 73558 61511 20301 68786 28874 82896 30599 77860 60169 5797 99150 61795 8297 1950 86352 94335 18985 55670 59777 22740 78493 20424 48750 97080 19675 28025 27141 48066 43344 49608 79471 10260 77248 53396 54359 68724 28394 38918 92866 89376 96111 1390 14000 11350 82200 39402 15405 84506 55951 92895 32235 11128 31477 95030 39936 15162 25094 97343 82799 68702 2551 34266 65275 3942 18160 70448 91088 34210 
121 70
28313 26703 16102 11463 21344 90515 33656 14726 8480 93617 17819 52692 2892 14358 54358 39728 71133 38811 36506 52758 36505 77884 61839 17607 10498 31057 89711 4052 9785 95261 47278 8277 88142 44195 15010 41602 86187 18000 15004 81901 18989 13098 70854 31987 62388 70293 70481 83207 80356 45754 27866 64413 49644 38105 42027 84512 31769 63031 28165 81575 30563 90360 13562 94209 55038 94457 68349 17647 95944 53593 
653 175
14226 61756 36759 42367 57374 52121 377 61618 41362 53885 30249 50611 26497 58577 58949 97312 30638 33458 25120 84588 2168 8634 42221 44774 49613 87298 25093 40005 99206 97602 44563 36587 43829 15914 44642 46191 74978 65604 89732 20937 7411 84909 85850 32212 6031 68208 54851 75656 54279 69162 3722 4545 83942 35823 3231 42035 7151 30640 66214 31992 89871 84643 92362 95142 47126 59591 17531 85804 68914 34722 36978 63736 42625 42894 83450 57061 24795 33017 96732 75177 5847 48735 65346 41880 80760 13818 34717 74460 41467 33314 61018 82551 93883 47235 53306 33919 84960 18224 25633 60640 93592 18744 49491 14041 6025 63607 47231 68364 80981 10789 55298 35770 86278 68694 9948 50675 69631 43640 64340 59978 90735 90897 27216 81853 32528 63470 16856 53011 33674 87301 7143 80038 83865 4174 38237 48453 78199 14059 3163 47100 49116 43454 46977 9111 65582 16909 36998 73984 20114 43125 30665 99048 96280 66029 46846 67762 84297 84781 36724 9454 86462 64827 29885 37598 6134 7859 66238 57519 24356 70996 8076 73167 48716 7640 65542 
534 62
1554 7894 3922 48271 49226 83123 69225 97033 21537 87831 8470 7956 32502 68343 17739 18249 92464 91331 47612 28224 77269 69142 61212 88828 60612 39281 65301 84330 41019 11310 90619 39863 70356 67134 77311 8559 49177 77965 74093 82163 9087 44533 25518 57998 58207 68817 97467 87182 18044 2980 79489 58146 50780 98331 7220 3023 96448 15793 46552 49434 90759 79357 
431 73
42353 54386 51435 26133 32741 49027 21027 86738 47334 58792 54045 87867 83159 64657 90601 47003 71314 5280 64429 87898 86821 40722 84783 55169 8551 21239 91832 30595 79484 32129 5032 9765 2625 71916 22900 24358 69107 14636 48143 60605 23776 84015 82920 49397 51856 26684 39452 70551 12507 67206 46049 98628 97381 61891 11296 84223 30064 7769 35643 4122 51298 35071 69052 80146 63824 17716 14711 44474 15528 37813 12710 37937 71048 
39 66
43225 22993 2400 14619 15766 11148 58487 25844 9761 87971 18099 41021 32628 66789 4231 31936 74129 62803 35216 72787 42085 30952 8604 41598 91977 60731 93337 3597 4792 69209 55175 94227 80424 98034 35249 33976 57105 13815 65069 22507 93131 45060 23075 55513 66432 65185 71085 26730 2420 50290 86230 90982 12303 49058 24428 67557 52642 65105 59051 73756 29493 4144 77608 52549 95789 14058 
679 70
66296 35664 29838 48486 33419 14915 73227 47479 18458 70758 9585 20663 55747 3985 46853 83893 63953 40538 92472 49378 75074 92958 80238 14646 13205 90545 34205 76164 28205 68049 83603 76513 92134 54645 76705 34279 50668 32562 87618 70595 29673 4086 27281 64830 24685 95813 59341 68701 55381 22781 13802 6253 89264 41736 62141 74185 80810 98317 58098 78122 40130 40389 76269 27810 16912 84229 16245 83489 8893 65929 
335 64
89473 21064 8950 2295 98295 7306 54977 37897 63011 58155 12028 31618 17177 71037 56720 35737 34847 89053 22816 33003 32714 83858 44839 25939 78601 91163 41338 63265 74011 68371 34079 72115 75936 76850 11030 54563 21923 77914 71812 64738 43458 44625 6400 34015 6523 14009 31670 65101 39425 27471 16037 55923 15073 75921 66611 78597 4845 82018 70565 93553 6509 11036 98731 11034 
977 66
16501 31033 15336 37809 88894 36140 5655 83014 64515 40525 95217 65100 93825 29484 11815 81082 83780 3140 31286 97574 82315 38471 22611 21719 67661 50383 90924 85196 90730 28730 18140 35307 91929 51816 46886 4680 74332 43531 96757 35110 8516 13604 78150 67865 92923 32623 5863 29011 7359 16781 53895 95316 14497 60181 6611 11739 16726 57757 59089 14868 4477 34080 67532 93359 46755 57302 
925 67
33740 2952 89562 21721 6338 49393 98733 23676 29383 64399 10976 87508 95726 5498 55364 51530 9486 68384 96077 39871 31266 43032 83544 78101 50933 23657 43741 91711 73951 51785 24112 42051 27157 90752 16773 99940 50907 27480 18824 24667 83948 31693 99609 26891 5771 7416 66482 9532 68259 19572 81190 50781 12353 9854 67856 43510 39733 7754 50047 8936 74059 73231 63681 83788 77392 11650 28746 
622 58
48688 46228 57976 45277 79029 96932 26657 48348 98415 51200 83790 68540 84690 90572 30822 54590 78801 80890 80575 78818 74161 87451 33433 85626 20614 76543 65589 34288 8002 31824 97775 85424 64411 26344 63597 34248 95450 65729 85173 24889 66997 44838 8417 92935 1207 31464 17266 21303 95907 94149 90631 61496 21768 40909 1227 29150 23424 16543 
555 51
27073 28567 49808 13786 292 45506 62157 48567 6316 8937 55925 8272 10948 1603 52563 2425 88143 29647 58547 21369 70499 80533 71394 42802 2222 25336 18400 30491 96721 80737 50208 62932 85706 19343 79890 24905 22592 76374 68180 79610 92999 81441 78697 48713 71654 23796 1774 94347 48895 71552 99038 
970 117
23967 48963 24625 85151 84726 87738 32283 11897 28232 6902 65853 12367 3678 59327 84795 1972 27413 43696 99585 26907 48625 39709 38681 11532 90552 15032 97346 49341 91957 60263 19536 7659 59541 82023 27589 53804 96779 21443 3892 90358 69829 38457 12057 90486 12409 15063 18293 24436 13766 68444 49257 42536 64628 57789 85570 21645 12947 64245 35815 11555 85272 61513 67203 16596 3109 82234 27976 11723 75910 28082 16491 31503 81064 98086 90591 1792 94734 1770 93171 96044 89690 33566 91881 36590 31031 58790 71205 61917 39809 82446 23308 10462 22179 30269 58992 35169 21363 42743 44 97791 43904 6199 79742 71917 85901 24816 29687 63036 64833 3115 70528 13464 22223 74773 23935 61451 60776 
197 55
32316 12999 64216 96375 33763 56747 2996 95428 78936 69783 35090 40796 15901 61172 35122 70086 50634 42378 35940 33152 6863 41064 16806 96768 7328 19424 83238 4961 13670 53001 64102 98230 57810 13196 65227 9316 40315 46482 57577 7980 80710 36944 64934 43377 31783 5094 50326 66933 78420 38644 60379 85287 21650 78822 6795 
602 97
79903 69364 33121 56764 17387 87189 30097 12166 90748 85484 14932 36501 75939 30426 97434 2233 93832 84684 61389 69677 67152 23417 90624 43991 53812 15858 2260 35969 88856 54700 4872 59356 88739 84258 62860 98352 51871 54410 56331 75515 94920 43645 59266 93225 4179 27816 3788 21673 43331 73206 6074 26052 45824 71998 30318 64194 445 7842 96138 77416 87651 21197 77513 23413 71518 27285 78680 34878 37805 77360 95251 75527 79191 87183 43859 88926 68169 43277 65747 50120 71367 93101 73109 89008 25010 27573 88371 12171 754 19808 35234 13262 48892 42259 88753 91696 58980 
150 54
27753 59996 50311 52764 86727 99410 75108 57593 81803 93518 56972 84163 43085 66235 17908 89663 87529 87807 85724 19937 61376 2291 83462 54292 29016 65396 65090 32647 21844 26290 38151 13690 38352 74624 39952 57507 31235 93305 49759 48658 51387 87664 96061 68535 25845 42419 28846 13667 62109 42838 90133 36553 5695 46788 
577 48
50808 8296 22310 43968 39891 20682 73444 72748 77856 97734 52760 86603 4803 73299 89058 99854 68172 85931 76295 41470 6279 19449 65436 75533 30435 55822 51369 93990 49418 37616 34552 40242 97201 35262 40321 79605 88422 5844 7440 16326 54568 52926 34545 33177 60361 41134 32561 98777 
27 98
11962 9444 40689 40628 11489 18210 61488 13614 48201 87437 95971 63945 71449 15275 53221 20142 71562 89356 52098 6790 99898 50730 47310 36395 83355 1477 23675 12091 18349 3036 62938 47708 52648 41375 99182 20729 38818 70204 35985 54093 41306 41023 50588 57639 80795 33805 71199 59904 75257 85359 57566 43105 26179 37604 7413 42488 64910 93708 52939 94534 55397 82916 93798 32580 91082 99175 56680 33138 89381 29054 32584 82398 1291 1189 22303 50795 82393 73940 78359 7392 77855 20965 7242 128 13467 69499 55238 58829 49784 72289 83101 48497 57758 68573 56073 80293 76130 10507 
244 94
92358 76722 95105 86454 73588 28604 43478 25034 80560 10455 9016 92069 1605 16841 90247 59381 4560 72792 76576 18614 37342 89839 6832 63426 43746 5621 56542 33794 60695 24692 18264 43589 94192 90713 37429 98481 18671 77904 42618 23887 98744 94185 32869 88577 42733 20 8005 16263 95006 21871 5108 69537 22378 4059 39456 27309 64400 72731 19174 62036 16823 81908 63297 41494 53465 70263 3522 73152 46246 61900 21002 14188 50066 15833 98503 52049 86755 86229 64888 76594 94088 35211 28742 42542 1494 40397 75127 571 4451 38228 53317 41832 3761 19500 
995 49
90028 12099 43855 20943 28235 42645 54265 98235 94986 79244 7498 24376 45869 84146 2393 74486 15934 18151 98914 17154 56550 87707 75891 32574 2937 96957 58997 59156 60030 77479 62920 55568 96201 99908 54877 2374 10352 56382 68542 98801 55922 9451 90834 38642 2236 43895 96438 33778 55727 
390 83
99960 57527 4894 14561 5153 21120 94540 94755 54681 98156 31615 47460 10165 87200 82684 38676 12462 54282 33764 50770 76296 32669 81774 46249 30067 1586 67292 76918 56574 90399 95021 90912 82683 51367 83272 17711 60974 36398 45929 62310 55690 86668 97518 48388 47395 49505 33951 49839 85101 95129 74717 77536 68523 58079 13891 45441 85951 12700 14117 75996 4554 56711 48697 76173 80788 47932 34443 71988 29352 42760 83809 34932 93234 1571 70692 54429 68013 31151 21475 55948 58059 53167 92603 
535 43
31318 92078 86171 36743 21113 38952 67649 21704 78616 35327 43862 19867 47951 24386 5011 16637 29213 84911 92170 84197 19035 68494 22219 11636 29836 26954 74200 75622 81346 40350 8990 32240 43903 88510 17529 9638 86261 72106 8010 84791 27745 27086 57987 
356 44
97677 61995 52232 29785 11658 94308 86084 5266 52518 58874 68550 29418 55342 94230 17175 42086 98198 57616 18562 6196 64427 28077 28699 26417 58926 76748 7121 75339 97240 94114 18826 59715 20610 26477 9651 9174 59022 72262 76066 1862 35965 49932 66193 72851 
142 41
28779 45814 86319 28101 54188 34230 87997 73971 46097 70846 35136 83453 63743 37244 74742 26564 67499 46115 72065 21500 25899 19651 59405 83515 61671 37018 28912 47639 42939 13691 3981 57355 95161 21910 44572 246 54065 91780 70032 67854 44227 
760 43
42366 8492 67493 59638 30750 43681 66321 58290 28748 83438 6952 6934 39306 94889 19444 72248 22406 17304 54624 63007 99511 94505 59422 28498 56824 26969 26624 71769 81461 4849 16480 88209 3723 63552 44097 15721 48431 45391 24695 93817 70986 7347 65543 
292 47
72580 45936 79919 61654 29205 69680 33207 83980 25906 72012 73286 5496 15676 81747 2589 81782 35837 61750 1061 63492 51983 30217 17064 23396 68993 17613 13020 4266 10278 67273 19469 63480 73412 7874 965 95338 65208 95133 92189 92993 53456 49525 48344 74377 10400 48597 80458 
581 32
95913 33273 47492 81524 631 65337 41849 54336 31171 12689 77374 72751 4918 39250 92675 24689 32837 94413 61317 57203 91955 82324 13130 95505 76290 54303 88640 23566 59119 96212 22778 32130 
184 99
15966 71063 45208 84293 73283 38321 27660 81478 97951 57958 3304 93019 38492 3206 10413 23840 15454 66902 87087 99129 90160 65861 86064 41939 4506 51569 48314 27726 79310 15548 70901 32042 55429 27370 63440 66977 62587 39912 1215 96428 30946 88286 75548 62950 17680 95179 16883 14296 1864 603 89777 37017 51879 68468 8758 41606 41813 20719 51385 13472 41214 94591 706 77516 17115 40729 45692 62264 97295 86113 60033 8425 66588 45827 35634 45283 81631 43498 47344 20906 75375 99714 58628 31239 90031 80896 71760 90062 98996 4877 65475 95554 78414 80508 76497 82678 48347 1296 5388 
506 64
26227 85433 45617 46753 79260 26387 17361 11172 84202 34502 75081 58517 42923 27577 39985 42706 29534 31759 3120 11912 41343 3832 12853 92505 96249 77672 75463 3323 46812 87362 34375 36034 37111 42970 72158 1826 51047 88356 34416 95566 13629 87825 41616 99070 81802 43637 38446 35466 19596 87803 78478 44419 43969 11730 49198 8582 59249 74949 12778 28146 27116 58879 73266 69714 
71 80
99485 77393 20784 12677 9494 51851 51912 67288 61340 60821 4063 84843 63350 67563 41757 54031 51380 54274 35662 26944 63018 93572 43401 18012 87992 61660 19271 93018 16097 85421 59685 9553 511 356 13349 78373 90789 60537 28323 61810 76869 97443 49691 18637 32135 92774 95422 91534 43467 70315 58009 94351 35720 27182 79354 34672 1419 20819 37690 95756 38465 58423 12676 77098 28138 62876 28424 93353 86137 30588 83817 7505 9815 54953 61465 56658 12218 18086 58288 68517 
522 65
60585 76095 56559 93318 60095 26462 90929 85038 68008 90744 69369 7631 37857 20065 37143 56625 75825 88687 44119 25170 67781 83320 25205 13359 42114 80057 29876 3799 40231 88771 66981 10234 11277 14199 38819 18631 56659 7024 67320 27582 7064 75026 21168 68826 50425 51801 533 64588 76646 36107 72619 73792 47685 14885 65940 59380 59537 76997 4931 23084 99597 12759 61675 79791 82643 
268 27
30575 97134 53043 82880 70101 92022 33936 52338 63215 87327 45117 93868 16631 48254 99534 50003 77148 66102 85875 45953 32246 41202 82750 24117 7191 58068 66154 
815 24
7537 87609 26683 45491 99178 68610 51463 413 54792 98439 78343 56580 91793 58843 35608 74614 25925 15714 44005 63146 89340 27748 96520 34831 
676 74
50246 11449 67773 623 30264 86437 7937 76131 9129 39839 94042 7616 53271 28463 41188 93045 29539 70993 56265 75662 93939 82976 40425 66882 69626 44635 91679 24225 16972 54539 55218 38100 94462 36980 64882 63593 67125 31034 41117 12552 2 27028 95875 18513 6466 51715 31293 78906 64188 23629 69422 76506 73625 52634 89780 74489 85301 97278 54385 77222 90692 4778 7462 25526 2248 23649 39603 30066 5202 11045 59696 92284 40357 69570 
708 50
99878 53080 23169 35143 75331 53484 53021 74733 8590 56065 50676 3167 61598 77903 81550 7921 1321 20726 80290 59413 34993 27416 5537 98279 77394 72727 41475 30209 93651 35452 48532 96584 85963 32779 26694 92231 25973 19974 987 4599 1979 10479 26119 13208 50948 54976 65804 85647 68789 71454 
158 59
90949 35364 8287 86371 10580 13828 4977 84417 57946 87523 26397 1247 3647 93446 9022 77748 69541 66424 1741 18857 77555 60481 82652 3434 52940 59812 36447 94799 5152 59983 41677 92268 23340 3968 68466 94300 45065 37927 39400 76871 72425 65117 6248 60513 82247 5967 38092 35117 70449 1824 75695 10376 71946 84076 8975 91573 30277 80592 30200 
323 74
33393 87719 41379 66247 9361 25116 69761 42483 85221 69294 12292 74058 7074 26123 13880 31619 70291 30305 46407 83188 92559 86560 49022 16884 79876 99786 96146 97603 52027 97485 87924 47949 10742 47862 7131 10908 4191 98578 206 73516 32549 95759 24758 68722 53649 52506 15224 7950 82910 77756 60787 59922 72519 25235 6978 3833 19562 90214 67770 22191 67430 80419 8522 69094 67239 29926 1846 46625 75477 65447 91075 39569 40155 84285 
889 23
49862 93638 55259 57217 68959 84551 40671 81666 11772 39311 76858 91327 12952 65515 12734 32530 98035 59847 40585 22030 53595 61323 89576 
410 24
92860 74508 99359 90734 49698 53598 55072 15163 19821 54197 62457 63682 16569 64403 64684 3778 8463 50657 3796 14599 19990 82391 55297 46480 
87 50
13338 26373 61192 81491 21129 33726 2027 51683 92428 31066 6115 86479 62042 41857 24582 81512 2028 73969 18872 26277 58719 43136 54032 26785 9943 79318 98724 58254 26904 1151 42628 23186 18218 80798 77578 74402 11584 23426 62291 77979 37222 48984 84522 91007 99307 74709 96987 63325 81216 91670 
764 24
2939 95679 48070 15802 54320 6350 90277 96796 17757 65537 40162 18544 50333 73833 14049 77140 56947 55773 18971 98923 37563 80863 1035 36254 
587 19
54892 79063 47363 91155 72265 19579 64010 43779 32732 69971 89547 68251 13751 92757 91117 95434 39756 58985 61485 
993 19
22707 69895 33501 16460 18329 40225 20915 81302 67656 30135 60305 21386 54480 85807 4094 23574 79483 18310 7581 
222 29
64570 70355 30924 85581 69285 21057 83844 24355 82418 49377 30810 62096 68032 93960 21552 26352 28998 5567 37964 47044 98499 21503 73724 33105 95974 48390 96101 80391 50062 
112 39
79703 82288 76912 59852 3633 42530 20288 2704 47031 6733 44833 56071 3481 85181 99223 24010 3894 7737 42660 42281 22625 99652 62913 56081 68186 69088 26225 33709 69548 84660 25595 89519 67395 40565 12971 42989 38960 71227 860 
428 41
21178 30215 75368 69455 22671 62468 67465 37229 73229 22803 59508 77419 24354 8757 12313 44366 56811 63304 33114 818 64359 94375 61428 12136 68491 17782 64031 37835 61527 78578 87206 89460 34426 69152 83659 46403 21153 96714 5337 57059 85366 
944 34
24606 80713 78082 11270 63690 42793 67242 84357 52916 15812 84465 69427 40135 845 480 29323 76938 57287 71491 73026 90320 8899 66046 92070 60148 46022 90034 98810 71643 67112 35640 88517 15096 77589 
563 21
19700 73120 37992 5259 54041 73780 11441 62974 29000 19775 55684 76800 70708 26281 79418 29528 21997 15796 8583 48970 51098 
640 9
74581 38000 63457 59762 68606 32040 87319 40750 56892 
118 13
4905 72217 62221 43177 58493 3567 56665 11123 22440 40579 71147 51256 85864 
72 19
28379 7495 147 98505 51333 10286 85355 11848 10681 6132 96374 17978 80241 73734 93328 59123 43733 68655 74149 
959 18
65599 47976 95920 43218 23063 10002 31818 48168 93466 41621 78032 6378 75976 80571 17495 22514 73826 77958 
61 26
95736 59431 72762 76904 79777 73075 95790 35036 22849 689 35398 28809 70812 39157 15493 60332 44957 59252 24031 56642 46959 59299 37330 98533 2177 7009 
174 8
69942 61754 54484 71931 31144 78388 1209 79709 
575 19
14207 20591 67711 28490 46759 51534 73270 62342 25358 2471 40590 54360 78759 47757 83449 28321 16422 2503 79944 
80 23
77309 24518 48977 85087 98793 28863 70486 57111 32071 24357 94015 18331 28910 12657 77147 37056 94061 22092 42286 5700 44220 62072 82373 
998 9
21445 1806 66587 23370 62014 13164 89833 4731 75171 
972 13
77091 9712 37503 60255 9545 70278 81419 82336 874 9157 64859 45423 28256 
813 15
20730 99787 90772 53602 66825 67397 94101 29096 80667 61705 16572 93597 49173 82704 47330 
631 8
57136 21711 92533 94442 77646 69497 76176 83709 
22 1
370 
